== boot: the land build by stage (ms), medians; every launch in the lists
  total                      711302a5 1789.0 (n=14: 1813, 1804, 1864, 2263, 1718, 1777, 1759, 1756, 1899, 1727, 1810, 1767, 1801, 1746) | 2fd7b2d7 1876.5 (n=14: 1799, 1849, 1875, 1878, 1892, 1816, 1972, 1983, 2321, 1848, 1907, 1817, 1801, 1970)  branch delta +87.5
  terrain                    711302a5 943.0 (n=14: 967, 962, 980, 1244, 925, 940, 937, 929, 1025, 933, 946, 948, 939, 926) | 2fd7b2d7 946.0 (n=14: 910, 948, 946, 946, 941, 916, 1007, 1010, 1182, 930, 947, 936, 918, 1018)  branch delta +3.0
  scenery                    711302a5 445.5 (n=14: 461, 446, 463, 538, 429, 439, 435, 439, 478, 425, 453, 445, 446, 433) | 2fd7b2d7 536.5 (n=14: 524, 534, 539, 540, 532, 518, 561, 561, 661, 531, 559, 518, 512, 545)  branch delta +91.0
  wood                       711302a5 132.5 (n=14: 137, 132, 135, 138, 130, 129, 128, 136, 124, 126, 139, 133, 135, 128) | 2fd7b2d7 121.0 (n=14: 118, 121, 124, 122, 121, 120, 116, 117, 157, 122, 126, 118, 119, 124)  branch delta -11.5
  waystones                  711302a5 48.0 (n=14: 48, 47, 48, 60, 46, 47, 48, 51, 60, 46, 50, 48, 48, 46) | 2fd7b2d7 49.0 (n=14: 45, 45, 48, 52, 60, 45, 56, 60, 61, 48, 50, 46, 47, 60)  branch delta +1.0
  road_details               711302a5 18.0 (n=14: 19, 17, 17, 19, 18, 17, 17, 23, 34, 21, 18, 17, 18, 19) | 2fd7b2d7 20.0 (n=14: 16, 17, 17, 20, 44, 17, 20, 34, 22, 19, 26, 22, 17, 34)  branch delta +2.0
  floor_plan                 711302a5 13.0 (n=14: 14, 14, 14, 17, 13, 13, 13, 13, 12, 12, 13, 13, 13, 13) | 2fd7b2d7 13.0 (n=14: 13, 13, 14, 13, 13, 13, 14, 13, 18, 13, 15, 13, 13, 13)  branch delta +0.0
  stone_parts.island_search  711302a5 - | 2fd7b2d7 11.4 (n=14: 12, 12, 12, 11, 11, 12, 11, 12, 15, 12, 11, 11, 11, 11)
  stone_parts.islands        711302a5 - | 2fd7b2d7 33.9 (n=14: 36, 35, 34, 35, 34, 34, 34, 36, 41, 34, 34, 33, 33, 32)
  stone_parts.ruins          711302a5 - | 2fd7b2d7 1.6 (n=14: 2, 2, 2, 2, 2, 2, 2, 2, 2, 2, 2, 2, 2, 1)
  stone_parts.shrine_graves  711302a5 - | 2fd7b2d7 4.2 (n=14: 4, 4, 4, 4, 4, 4, 5, 5, 6, 4, 4, 4, 4, 5)
  stone_parts.sight          711302a5 - | 2fd7b2d7 8.2 (n=14: 8, 9, 8, 9, 9, 8, 8, 8, 9, 8, 9, 8, 8, 7)
  stone_parts.stone          711302a5 - | 2fd7b2d7 22.0 (n=14: 25, 26, 21, 26, 29, 20, 22, 21, 27, 22, 28, 21, 21, 19)
  stone_parts.verge_graves   711302a5 - | 2fd7b2d7 2.0 (n=14: 2, 2, 2, 2, 2, 2, 2, 2, 4, 2, 2, 2, 2, 2)
  terrain_parts.ground       711302a5 268.5 (n=14: 276, 272, 280, 346, 260, 267, 269, 268, 303, 266, 269, 268, 265, 263) | 2fd7b2d7 272.0 (n=14: 260, 281, 271, 281, 273, 260, 287, 290, 328, 265, 269, 263, 266, 281)  branch delta +3.5
  terrain_parts.ground_heights 711302a5 36.0 (n=14: 36, 37, 36, 43, 33, 34, 36, 37, 38, 38, 34, 35, 33, 34) | 2fd7b2d7 34.0 (n=14: 34, 40, 38, 42, 34, 32, 34, 34, 37, 35, 34, 33, 34, 31)  branch delta -2.0
  terrain_parts.ground_paint 711302a5 232.5 (n=14: 240, 235, 243, 302, 227, 233, 232, 230, 264, 227, 234, 232, 232, 229) | 2fd7b2d7 236.5 (n=14: 226, 241, 232, 238, 238, 228, 252, 256, 290, 230, 235, 229, 232, 250)  branch delta +4.0
  terrain_parts.heights      711302a5 278.0 (n=14: 272, 285, 310, 347, 258, 290, 278, 270, 258, 259, 298, 265, 306, 278) | 2fd7b2d7 275.0 (n=14: 259, 262, 281, 276, 271, 276, 284, 274, 342, 276, 278, 252, 264, 268)  branch delta -3.0
  terrain_parts.landform     711302a5 21.0 (n=14: 21, 24, 22, 26, 20, 21, 21, 21, 21, 20, 21, 20, 21, 20) | 2fd7b2d7 21.0 (n=14: 22, 20, 20, 21, 21, 21, 21, 21, 24, 20, 22, 20, 20, 22)  branch delta +0.0
  terrain_parts.river        711302a5 81.0 (n=14: 83, 80, 84, 114, 80, 82, 81, 80, 97, 79, 83, 81, 80, 80) | 2fd7b2d7 81.5 (n=14: 79, 82, 81, 80, 81, 79, 98, 97, 107, 82, 85, 79, 79, 95)  branch delta +0.5
  terrain_parts.roads        711302a5 593.5 (n=14: 608, 609, 616, 784, 585, 591, 587, 581, 625, 588, 594, 599, 593, 583) | 2fd7b2d7 590.0 (n=14: 570, 585, 594, 585, 587, 577, 622, 623, 747, 583, 593, 594, 573, 642)  branch delta -3.5
  terrain_parts.roads_append 711302a5 511.0 (n=14: 522, 522, 530, 679, 500, 511, 506, 502, 511, 499, 512, 514, 511, 502) | 2fd7b2d7 504.5 (n=14: 493, 505, 511, 504, 502, 497, 500, 503, 648, 505, 514, 514, 495, 524)  branch delta -6.5
  terrain_parts.roads_chains 711302a5 46.0 (n=14: 48, 46, 48, 61, 46, 46, 46, 45, 45, 45, 47, 48, 46, 46) | 2fd7b2d7 45.0 (n=14: 45, 45, 47, 45, 44, 46, 44, 45, 60, 49, 47, 44, 44, 46)  branch delta -1.0
  terrain_parts.roads_setup  711302a5 83.5 (n=14: 87, 84, 86, 111, 84, 82, 83, 82, 80, 81, 84, 85, 83, 82) | 2fd7b2d7 81.0 (n=14: 81, 81, 83, 80, 80, 81, 79, 80, 107, 85, 84, 79, 79, 84)  branch delta -2.5
  terrain_parts.roads_stonework 711302a5 574.5 (n=14: 586, 585, 595, 763, 564, 573, 569, 563, 575, 563, 577, 581, 574, 565) | 2fd7b2d7 567.5 (n=14: 553, 568, 573, 567, 565, 558, 563, 568, 726, 566, 576, 575, 555, 588)  branch delta -7.0
== cold: the land build by stage (ms), medians; every launch in the lists
  total                      711302a5 1817.0 (n=6: 1889, 1855, 1878, 1762, 1779, 1762) | 2fd7b2d7 1959.5 (n=6: 1877, 1969, 2365, 1950, 1891, 1989)  branch delta +142.5
  terrain                    711302a5 957.5 (n=6: 976, 974, 986, 926, 941, 926) | 2fd7b2d7 960.0 (n=6: 926, 954, 1256, 966, 944, 982)  branch delta +2.5
  scenery                    711302a5 449.5 (n=6: 473, 458, 456, 443, 432, 441) | 2fd7b2d7 556.0 (n=6: 530, 562, 658, 550, 531, 567)  branch delta +106.5
  wood                       711302a5 131.5 (n=6: 139, 130, 138, 130, 129, 133) | 2fd7b2d7 123.5 (n=6: 123, 122, 186, 126, 124, 122)  branch delta -8.0
  waystones                  711302a5 47.0 (n=6: 58, 58, 48, 46, 46, 46) | 2fd7b2d7 53.0 (n=6: 46, 58, 50, 57, 45, 56)  branch delta +6.0
  road_details               711302a5 17.5 (n=6: 35, 19, 17, 16, 18, 16) | 2fd7b2d7 18.0 (n=6: 17, 34, 18, 18, 17, 19)  branch delta +0.5
  floor_plan                 711302a5 13.0 (n=6: 13, 14, 14, 13, 13, 13) | 2fd7b2d7 14.0 (n=6: 14, 13, 14, 13, 15, 15)  branch delta +1.0
  stone_parts.island_search  711302a5 - | 2fd7b2d7 11.4 (n=6: 12, 12, 11, 11, 11, 11)
  stone_parts.islands        711302a5 - | 2fd7b2d7 34.4 (n=6: 34, 36, 35, 34, 34, 34)
  stone_parts.ruins          711302a5 - | 2fd7b2d7 1.5 (n=6: 2, 2, 2, 2, 2, 2)
  stone_parts.shrine_graves  711302a5 - | 2fd7b2d7 4.6 (n=6: 4, 4, 5, 4, 5, 5)
  stone_parts.sight          711302a5 - | 2fd7b2d7 8.3 (n=6: 8, 9, 9, 8, 9, 8)
  stone_parts.stone          711302a5 - | 2fd7b2d7 23.4 (n=6: 23, 23, 28, 22, 24, 23)
  stone_parts.verge_graves   711302a5 - | 2fd7b2d7 2.0 (n=6: 2, 2, 2, 2, 2, 2)
  terrain_parts.ground       711302a5 271.0 (n=6: 283, 282, 273, 255, 269, 256) | 2fd7b2d7 267.5 (n=6: 261, 266, 429, 266, 269, 282)  branch delta -3.5
  terrain_parts.ground_heights 711302a5 34.5 (n=6: 36, 34, 35, 32, 35, 31) | 2fd7b2d7 34.5 (n=6: 31, 32, 53, 35, 35, 34)  branch delta +0.0
  terrain_parts.ground_paint 711302a5 235.5 (n=6: 246, 248, 238, 223, 233, 225) | 2fd7b2d7 233.5 (n=6: 230, 233, 376, 231, 234, 248)  branch delta -2.0
  terrain_parts.heights      711302a5 289.5 (n=6: 293, 294, 317, 282, 286, 286) | 2fd7b2d7 306.5 (n=6: 296, 306, 335, 307, 297, 308)  branch delta +17.0
  terrain_parts.landform     711302a5 19.5 (n=6: 20, 19, 20, 20, 19, 19) | 2fd7b2d7 21.0 (n=6: 21, 21, 21, 19, 19, 21)  branch delta +1.5
  terrain_parts.river        711302a5 81.5 (n=6: 83, 83, 82, 79, 78, 81) | 2fd7b2d7 79.5 (n=6: 79, 80, 85, 76, 82, 74)  branch delta -2.0
  terrain_parts.roads        711302a5 601.5 (n=6: 610, 609, 631, 592, 594, 589) | 2fd7b2d7 616.0 (n=6: 586, 608, 742, 624, 593, 626)  branch delta +14.5
  terrain_parts.roads_append 711302a5 522.0 (n=6: 529, 526, 552, 515, 518, 514) | 2fd7b2d7 518.0 (n=6: 510, 519, 659, 530, 517, 517)  branch delta -4.0
  terrain_parts.roads_chains 711302a5 48.0 (n=6: 47, 46, 48, 49, 49, 48) | 2fd7b2d7 47.0 (n=6: 47, 47, 68, 46, 47, 50)  branch delta -1.0
  terrain_parts.roads_setup  711302a5 85.0 (n=6: 85, 83, 87, 85, 88, 85) | 2fd7b2d7 85.5 (n=6: 83, 86, 122, 85, 85, 86)  branch delta +0.5
  terrain_parts.roads_stonework 711302a5 587.5 (n=6: 594, 594, 618, 580, 581, 577) | 2fd7b2d7 581.5 (n=6: 573, 582, 727, 592, 581, 580)  branch delta -6.0
== every cold open: ready, land, bake wall and worst frame
  ctl1-c1    711302a5  ready  2682.7 built  2548.9 land  1889 bake 131.7 worst 64.5
  ctl1-c2    711302a5  ready  2632.4 built  2484.5 land  1855 bake 121.0 worst 64.7
  ctl1-l1    711302a5  ready  2651.8 built  2532.3 land  1878 bake 116.8 worst 66.8
  ctl2-c1    711302a5  ready  2498.6 built  2379.3 land  1762 bake 116.7 worst 66.9
  ctl2-c2    711302a5  ready  2507.8 built  2382.4 land  1779 bake 126.2 worst 66.7
  ctl2-l1    711302a5  ready  2513.5 built  2380.2 land  1762 bake 107.7 worst 51.0
  dev1-c1    2fd7b2d7  ready  2663.9 built  2513.8 land  1877 bake 125.1 worst 66.7
  dev1-c2    2fd7b2d7  ready  2746.7 built  2598.7 land  1969 bake 126.9 worst 64.8
  dev1-l1    2fd7b2d7  ready  3243.0 built  3116.6 land  2365 bake 126.7 worst 65.9
  dev2-c1    2fd7b2d7  ready  2732.4 built  2584.5 land  1950 bake 120.6 worst 64.7
  dev2-c2    2fd7b2d7  ready  2630.0 built  2496.7 land  1891 bake 108.9 worst 51.6
  dev2-l1    2fd7b2d7  ready  2747.0 built  2598.9 land  1989 bake 127.1 worst 64.7
