# iPad 8 (A12, Metal, 60 Hz), the launch rite from boot, Development profile, QA probe (never committed).
# Columns: frame  ms_since_probe_start  frame_interval_ms  rite_clock_s (-1 before the title).
# Acceptance counts frames after the warm frame (the first rendered rite frame), rite clock 0..2.4 s.

## before the frame-0 warm-up (ab8bd3fa), cold launch after install
0 232.09 232.094 0.000
1 1242.87 1010.779 0.147
2 1256.88 14.007 0.267
3 1273.62 16.739 0.283
4 1290.19 16.570 0.300
5 1306.74 16.550 0.317
6 1323.48 16.746 0.333
7 1340.02 16.538 0.350
8 1356.67 16.647 0.367
9 1373.41 16.741 0.383
10 1390.10 16.688 0.400
11 1406.76 16.656 0.417
12 1423.38 16.630 0.433
13 1440.07 16.687 0.450
14 1457.19 17.116 0.467
15 1473.93 16.743 0.483
16 1490.61 16.683 0.500
17 1506.71 16.094 0.517
18 1523.86 17.154 0.533
19 1540.02 16.154 0.550
20 1557.16 17.149 0.567
21 1578.84 21.671 0.583
22 1597.35 18.512 0.601
23 1640.28 42.935 0.619
24 1656.94 16.660 0.654
25 1678.65 21.703 0.672
26 1701.70 23.057 0.692
27 1724.99 23.289 0.715
28 1744.76 19.771 0.739
29 1759.69 14.924 0.759
30 1807.17 47.485 0.779
31 1825.41 18.243 0.829
32 1846.11 20.697 0.850
33 1873.91 27.800 0.877
34 1894.62 20.712 0.904
35 1914.29 19.669 0.925
36 1957.07 42.773 0.945
37 1973.17 16.107 0.971
38 1995.05 21.876 0.996
39 2013.39 18.342 1.021
40 2056.95 43.561 1.044
41 2075.78 18.823 1.071
42 2094.07 18.299 1.096
43 2114.64 20.567 1.121
44 2127.92 13.283 1.145
45 2173.75 45.825 1.158
46 2192.15 18.404 1.187
47 2211.38 19.230 1.212
48 2228.85 17.467 1.236
49 2273.59 44.739 1.259
50 2292.06 18.471 1.287
51 2311.03 18.971 1.312
52 2326.43 15.403 1.336
53 2373.59 47.151 1.357
54 2390.34 16.754 1.387
55 2410.68 20.344 1.412
56 2429.28 18.596 1.433
57 2473.68 44.400 1.457
58 2492.26 18.586 1.487
59 2515.01 22.750 1.512
60 2532.74 17.726 1.537
61 2543.26 10.519 1.562
62 2590.25 46.987 1.574
63 2609.71 19.466 1.604
64 2623.54 13.831 1.629
65 2644.23 20.684 1.653
66 2660.68 16.455 1.675
67 2706.90 46.213 1.691
68 2725.55 18.655 1.721
69 2747.49 21.934 1.744
70 2761.84 14.352 1.768
71 2806.85 45.010 1.792
72 2824.47 17.625 1.821
73 2844.48 20.006 1.844
74 2866.12 21.646 1.867
75 2880.72 14.595 1.890
76 2923.03 42.315 1.911
77 2940.19 17.160 1.937
78 2961.89 21.701 1.961
79 2979.04 17.142 1.984
80 3023.54 44.501 2.008
81 3045.21 21.676 2.037
82 3068.39 23.176 2.061
83 3081.92 13.527 2.083
84 3093.87 11.955 2.107
85 3110.89 17.022 2.124
86 3124.67 13.773 2.141
87 3144.36 19.693 2.155
88 3161.62 17.261 2.175
89 3177.88 16.257 2.192
90 3194.30 16.427 2.208
91 3211.07 16.761 2.225
92 3227.79 16.725 2.241
93 3244.70 16.910 2.258
94 3257.87 13.170 2.275
95 3277.93 20.060 2.288
96 3291.14 13.211 2.305
97 3311.87 20.725 2.322
98 3327.39 15.519 2.338
99 3345.46 18.070 2.355
100 3358.02 12.567 2.372
101 3377.30 19.280 2.388
102 3392.05 14.747 2.400
103 3410.65 18.602 2.400
104 3425.43 14.778 2.400
105 3443.50 18.068 2.400
106 3458.47 14.972 2.400
107 3476.01 17.538 2.400
108 3494.01 18.007 2.400
109 3508.51 14.494 2.400
110 3526.26 17.747 2.400
111 3541.67 15.416 2.400
112 3561.12 19.447 2.400
113 3575.02 13.900 2.400
114 3593.97 18.955 2.400
115 3607.70 13.728 2.400
116 3629.36 21.655 2.400
117 3645.67 16.313 2.400
118 3663.18 17.513 2.400
119 3680.43 17.245 2.400
120 3693.45 13.026 2.400
121 3707.81 14.357 2.400
122 3725.37 17.563 2.400
123 3741.12 15.750 2.400
124 3760.95 19.828 2.400
125 3774.37 13.418 2.400
126 3794.04 19.671 2.400
127 3810.79 16.753 2.400
128 3827.53 16.734 2.400
129 3841.42 13.888 2.400
130 3861.32 19.909 2.400
131 3874.46 13.134 2.400
132 3894.70 20.242 2.400
133 3908.34 13.635 2.400
134 3925.32 16.986 2.400
135 3940.95 15.627 2.400
136 3960.78 19.826 2.400
137 3974.28 13.503 2.400
138 3993.93 19.648 2.400
139 4007.57 13.647 2.400

## after (0901732c), cold launch after install
0 221.10 221.097 0.000
1 276.83 55.733 0.000
2 292.35 15.523 0.089
3 309.09 16.740 0.104
4 325.58 16.491 0.121
5 342.36 16.771 0.137
6 359.07 16.719 0.154
7 375.64 16.563 0.171
8 392.36 16.723 0.188
9 409.03 16.670 0.204
10 425.69 16.660 0.221
11 442.37 16.681 0.238
12 459.01 16.639 0.254
13 475.58 16.569 0.271
14 492.31 16.734 0.288
15 509.01 16.695 0.304
16 525.69 16.683 0.321
17 542.31 16.617 0.338
18 559.07 16.759 0.354
19 575.65 16.581 0.371
20 592.20 16.552 0.388
21 608.91 16.712 0.404
22 626.01 17.103 0.421
23 642.18 16.164 0.438
24 658.97 16.793 0.454
25 675.59 16.620 0.471
26 692.22 16.623 0.488
27 708.89 16.672 0.504
28 725.48 16.596 0.521
29 742.15 16.666 0.538
30 758.82 16.675 0.554
31 775.89 17.068 0.571
32 792.19 16.294 0.588
33 808.89 16.705 0.604
34 825.50 16.607 0.621
35 842.49 16.989 0.638
36 858.81 16.324 0.654
37 875.86 17.045 0.671
38 892.11 16.250 0.688
39 908.84 16.737 0.704
40 925.57 16.724 0.721
41 942.14 16.569 0.738
42 958.80 16.661 0.754
43 975.43 16.630 0.771
44 992.09 16.663 0.788
45 1008.88 16.791 0.804
46 1025.84 16.958 0.821
47 1042.13 16.293 0.838
48 1059.13 17.000 0.854
49 1075.42 16.290 0.871
50 1092.14 16.721 0.888
51 1108.76 16.619 0.904
52 1125.47 16.708 0.921
53 1142.38 16.915 0.938
54 1158.80 16.413 0.954
55 1175.42 16.619 0.971
56 1192.39 16.976 0.988
57 1208.72 16.329 1.004
58 1225.44 16.723 1.021
59 1242.09 16.646 1.038
60 1259.18 17.090 1.054
61 1275.45 16.265 1.071
62 1292.11 16.667 1.088
63 1308.68 16.569 1.104
64 1325.35 16.665 1.121
65 1342.01 16.659 1.138
66 1358.66 16.653 1.154
67 1375.33 16.675 1.171
68 1391.99 16.653 1.188
69 1408.74 16.754 1.204
70 1425.78 17.042 1.221
71 1442.02 16.240 1.238
72 1458.71 16.690 1.254
73 1475.33 16.619 1.271
74 1492.56 17.229 1.288
75 1508.70 16.140 1.304
76 1525.42 16.715 1.321
77 1542.01 16.597 1.338
78 1558.65 16.636 1.354
79 1575.33 16.685 1.371
80 1591.93 16.595 1.388
81 1608.70 16.774 1.404
82 1625.36 16.658 1.421
83 1641.96 16.597 1.438
84 1658.63 16.668 1.454
85 1675.29 16.659 1.471
86 1691.98 16.695 1.488
87 1708.64 16.660 1.504
88 1725.24 16.597 1.521
89 1741.89 16.649 1.538
90 1758.58 16.696 1.554
91 1775.66 17.081 1.571
92 1791.96 16.295 1.588
93 1809.15 17.197 1.604
94 1825.31 16.155 1.621
95 1841.89 16.584 1.638
96 1859.17 17.276 1.654
97 1875.30 16.130 1.671
98 1891.87 16.567 1.688
99 1908.60 16.733 1.704
100 1925.20 16.596 1.721
101 1941.86 16.662 1.738
102 1958.56 16.701 1.754
103 1975.21 16.655 1.771
104 1991.92 16.705 1.788
105 2008.49 16.575 1.804
106 2025.25 16.759 1.821
107 2042.34 17.091 1.838
108 2058.57 16.222 1.854
109 2075.81 17.240 1.871
110 2091.86 16.053 1.888
111 2108.57 16.710 1.904
112 2125.14 16.574 1.921
113 2141.82 16.673 1.938
114 2158.54 16.727 1.954
115 2175.29 16.751 1.971
116 2191.85 16.555 1.988
117 2208.50 16.650 2.004
118 2225.19 16.690 2.021
119 2241.82 16.634 2.038
120 2258.46 16.640 2.054
121 2275.60 17.138 2.071
122 2291.77 16.169 2.088
123 2308.50 16.733 2.104
124 2325.25 16.743 2.121
125 2341.83 16.583 2.138
126 2358.43 16.599 2.154
127 2375.11 16.683 2.171
128 2391.73 16.616 2.188
129 2408.47 16.748 2.204
130 2425.08 16.606 2.221
131 2441.72 16.644 2.238
132 2458.45 16.727 2.254
133 2475.50 17.045 2.271
134 2491.74 16.248 2.288
135 2508.41 16.660 2.304
136 2525.52 17.119 2.321
137 2541.80 16.275 2.338
138 2558.44 16.641 2.354
139 2575.03 16.589 2.371
140 2592.08 17.053 2.388
141 2608.38 16.294 2.400
142 2625.07 16.697 2.400
143 2641.69 16.618 2.400
144 2658.33 16.642 2.400
145 2675.06 16.723 2.400
146 2691.66 16.602 2.400
147 2708.34 16.680 2.400
148 2725.08 16.739 2.400
149 2741.65 16.575 2.400
150 2758.42 16.767 2.400
151 2775.00 16.580 2.400
152 2791.68 16.676 2.400
153 2808.30 16.630 2.400
154 2824.95 16.650 2.400
155 2841.66 16.705 2.400
156 2858.32 16.658 2.400
157 2875.02 16.700 2.400
158 2891.67 16.650 2.400
159 2908.28 16.612 2.400
160 2924.96 16.682 2.400
161 2941.61 16.643 2.400
162 2958.28 16.671 2.400
163 2975.03 16.753 2.400
164 2991.59 16.564 2.400
165 3008.26 16.667 2.400
166 3024.93 16.671 2.400
167 3041.58 16.651 2.400
168 3058.24 16.653 2.400
169 3074.91 16.677 2.400
170 3091.57 16.656 2.400
171 3108.21 16.645 2.400
172 3124.96 16.747 2.400
173 3142.01 17.054 2.400
174 3158.24 16.223 2.400
175 3174.96 16.726 2.400
176 3191.58 16.615 2.400
177 3208.22 16.644 2.400
178 3224.90 16.674 2.400
179 3241.57 16.673 2.400
180 3258.28 16.708 2.400
181 3274.89 16.612 2.400
182 3291.52 16.633 2.400
183 3308.30 16.776 2.400
184 3324.97 16.674 2.400
185 3341.55 16.577 2.400
186 3358.26 16.709 2.400
187 3374.84 16.577 2.400
188 3391.51 16.677 2.400
189 3408.21 16.694 2.400
190 3424.90 16.697 2.400
191 3441.50 16.596 2.400
192 3458.19 16.695 2.400
193 3475.26 17.065 2.400
194 3491.48 16.223 2.400
195 3508.16 16.674 2.400
196 3524.80 16.642 2.400
197 3541.44 16.640 2.400
198 3558.13 16.691 2.400
199 3574.86 16.736 2.400
200 3591.48 16.614 2.400
201 3608.24 16.762 2.400
202 3624.82 16.580 2.400
203 3641.86 17.038 2.400
204 3658.79 16.929 2.400
205 3674.77 15.981 2.400
206 3691.43 16.664 2.400
207 3708.16 16.731 2.400
208 3724.84 16.675 2.400
209 3741.46 16.618 2.400
210 3758.08 16.623 2.400
211 3774.71 16.628 2.400
212 3791.40 16.689 2.400
213 3808.03 16.638 2.400
214 3824.74 16.701 2.400
215 3841.43 16.696 2.400
216 3858.06 16.626 2.400
217 3875.19 17.134 2.400
218 3891.41 16.218 2.400
219 3908.09 16.683 2.400
220 3924.75 16.654 2.400
221 3941.38 16.634 2.400
222 3958.44 17.055 2.400
223 3974.70 16.265 2.400
224 3991.33 16.633 2.400
225 4008.05 16.712 2.400

## after, warm launch
0 179.35 179.354 0.000
1 238.18 58.830 0.000
2 249.54 11.353 0.090
3 266.17 16.637 0.098
4 284.54 18.369 0.114
5 301.37 16.829 0.133
6 317.75 16.383 0.150
7 334.62 16.863 0.166
8 351.11 16.489 0.183
9 367.76 16.653 0.199
10 384.54 16.782 0.216
11 401.15 16.609 0.233
12 417.69 16.536 0.249
13 434.78 17.096 0.266
14 451.01 16.227 0.283
15 467.67 16.659 0.299
16 484.46 16.793 0.316
17 501.16 16.695 0.333
18 521.61 20.448 0.349
19 537.79 16.185 0.366
20 551.29 13.504 0.383
21 567.99 16.695 0.399
22 584.82 16.835 0.416
23 601.25 16.425 0.433
24 617.95 16.698 0.449
25 634.66 16.712 0.466
26 651.21 16.546 0.483
27 668.44 17.236 0.499
28 685.21 16.768 0.516
29 701.19 15.982 0.533
30 720.05 18.856 0.549
31 734.85 14.799 0.566
32 751.42 16.574 0.583
33 771.39 19.975 0.599
34 786.65 15.256 0.616
35 801.16 14.506 0.633
36 817.91 16.754 0.649
37 834.50 16.587 0.666
38 851.21 16.716 0.683
39 870.19 18.973 0.699
40 884.73 14.538 0.716
41 903.36 18.636 0.733
42 918.03 14.666 0.749
43 936.66 18.638 0.766
44 951.28 14.616 0.783
45 967.93 16.649 0.799
46 985.02 17.086 0.816
47 1001.12 16.103 0.833
48 1017.83 16.706 0.849
49 1034.53 16.703 0.866
50 1051.10 16.570 0.883
51 1069.99 18.896 0.899
52 1084.56 14.562 0.916
53 1101.76 17.202 0.933
54 1121.50 19.738 0.949
55 1136.78 15.285 0.966
56 1151.24 14.459 0.983
57 1169.26 18.021 0.999
58 1184.59 15.324 1.016
59 1201.13 16.549 1.033
60 1217.90 16.766 1.049
61 1234.46 16.565 1.066
62 1251.08 16.610 1.083
63 1267.78 16.706 1.099
64 1284.44 16.660 1.116
65 1301.05 16.609 1.133
66 1317.81 16.757 1.149
67 1334.42 16.618 1.166
68 1351.11 16.684 1.183
69 1369.88 18.766 1.199
70 1385.34 15.467 1.216
71 1401.10 15.762 1.233
72 1420.11 19.005 1.249
73 1435.84 15.730 1.266
74 1451.16 15.318 1.283
75 1467.77 16.617 1.299
76 1484.42 16.648 1.316
77 1501.10 16.676 1.333
78 1517.74 16.642 1.349
79 1534.38 16.641 1.366
80 1551.01 16.624 1.383
81 1568.27 17.260 1.399
82 1584.88 16.610 1.416
83 1604.34 19.469 1.433
84 1621.75 17.403 1.449
85 1636.83 15.084 1.466
86 1651.02 14.186 1.483
87 1668.27 17.257 1.499
88 1684.36 16.088 1.516
89 1701.00 16.641 1.533
90 1717.73 16.727 1.549
91 1734.48 16.751 1.566
92 1751.20 16.722 1.583
93 1767.64 16.433 1.599
94 1784.28 16.639 1.616
95 1800.97 16.693 1.633
96 1817.69 16.719 1.649
97 1834.43 16.746 1.666
98 1851.18 16.750 1.683
99 1870.10 18.914 1.699
100 1884.51 14.409 1.716
101 1901.62 17.109 1.733
102 1918.18 16.569 1.749
103 1934.45 16.266 1.766
104 1951.04 16.593 1.783
105 1967.63 16.586 1.799
106 1984.28 16.654 1.816
107 2000.99 16.708 1.833
108 2017.69 16.701 1.849
109 2034.30 16.606 1.866
110 2050.91 16.615 1.883
111 2067.79 16.874 1.899
112 2084.35 16.566 1.916
113 2103.70 19.347 1.933
114 2117.91 14.208 1.949
115 2137.45 19.540 1.966
116 2151.59 14.146 1.983
117 2167.63 16.034 1.999
118 2184.55 16.918 2.016
119 2201.12 16.574 2.033
120 2217.85 16.731 2.049
121 2234.36 16.512 2.066
122 2250.87 16.503 2.083
123 2267.56 16.697 2.099
124 2284.47 16.909 2.116
125 2300.84 16.369 2.133
126 2319.99 19.154 2.149
127 2334.32 14.320 2.166
128 2351.65 17.331 2.182
129 2370.83 19.183 2.199
130 2386.21 15.381 2.216
131 2400.94 14.734 2.232
132 2419.13 18.187 2.249
133 2434.27 15.142 2.266
134 2450.89 16.612 2.282
135 2467.49 16.600 2.299
136 2484.21 16.727 2.316
137 2500.82 16.608 2.332
138 2517.55 16.732 2.349
139 2534.22 16.669 2.366
140 2550.85 16.627 2.382
141 2567.53 16.678 2.399
142 2584.20 16.670 2.400
143 2600.79 16.596 2.400
144 2619.70 18.904 2.400
145 2634.61 14.912 2.400
146 2652.19 17.578 2.400
147 2669.58 17.398 2.400
148 2684.16 14.577 2.400
149 2702.05 17.887 2.400
150 2717.51 15.457 2.400
151 2734.75 17.249 2.400
152 2750.45 15.692 2.400
153 2768.15 17.706 2.400
154 2785.28 17.133 2.400
155 2800.86 15.576 2.400
156 2818.12 17.256 2.400
157 2834.31 16.197 2.400
158 2851.45 17.140 2.400
159 2867.46 16.010 2.400
160 2885.52 18.053 2.400
161 2901.51 15.995 2.400
162 2917.45 15.940 2.400
163 2934.76 17.305 2.400
164 2950.43 15.678 2.400
165 2967.45 17.020 2.400
166 2984.08 16.625 2.400
167 3000.75 16.667 2.400
168 3017.42 16.671 2.400
169 3034.09 16.674 2.400
170 3050.69 16.598 2.400
171 3067.37 16.677 2.400
172 3084.01 16.641 2.400
173 3107.05 23.042 2.400
174 3122.82 15.772 2.400
175 3134.47 11.648 2.400
176 3150.72 16.253 2.400
177 3167.40 16.678 2.400
178 3183.99 16.593 2.400
179 3200.68 16.686 2.400
180 3217.31 16.629 2.400
181 3234.04 16.727 2.400
182 3250.60 16.568 2.400
183 3267.31 16.703 2.400
184 3283.99 16.680 2.400
185 3300.70 16.717 2.400
186 3317.35 16.650 2.400
187 3333.95 16.601 2.400
188 3354.28 20.321 2.400
189 3372.05 17.772 2.400
190 3384.09 12.046 2.400
191 3400.64 16.549 2.400
192 3417.34 16.699 2.400
193 3436.65 19.306 2.400
194 3450.77 14.124 2.400
195 3467.62 16.847 2.400
196 3484.70 17.086 2.400
197 3500.70 15.993 2.400
198 3517.48 16.782 2.400
199 3533.98 16.498 2.400
200 3550.67 16.696 2.400
201 3567.31 16.632 2.400
202 3583.87 16.568 2.400
203 3600.60 16.722 2.400
204 3617.41 16.811 2.400
205 3633.88 16.470 2.400
206 3652.72 18.845 2.400
207 3667.98 15.257 2.400
208 3685.58 17.602 2.400
209 3700.62 15.043 2.400
210 3717.27 16.642 2.400
211 3733.91 16.640 2.400
212 3750.49 16.579 2.400
213 3767.24 16.753 2.400
214 3783.79 16.551 2.400
215 3800.56 16.768 2.400
216 3817.25 16.694 2.400
217 3833.87 16.617 2.400
218 3853.26 19.390 2.400
219 3867.25 13.990 2.400
220 3886.11 18.866 2.400
221 3900.49 14.379 2.400
222 3917.18 16.683 2.400
223 3933.80 16.629 2.400
224 3950.70 16.899 2.400
225 3967.21 16.508 2.400
226 3983.82 16.605 2.400
227 4000.87 17.052 2.400

## after, warm launch
0 181.79 181.793 0.000
1 243.22 61.425 0.000
2 255.89 12.671 0.088
3 272.11 16.223 0.104
4 290.76 18.644 0.121
5 307.91 17.157 0.138
6 324.11 16.192 0.154
7 340.64 16.531 0.171
8 357.38 16.747 0.188
9 373.90 16.521 0.204
10 390.91 17.004 0.221
11 407.60 16.690 0.238
12 423.98 16.382 0.254
13 440.84 16.860 0.271
14 457.14 16.303 0.288
15 476.33 19.183 0.304
16 492.69 16.367 0.321
17 509.41 16.716 0.338
18 524.22 14.807 0.354
19 540.84 16.622 0.371
20 557.21 16.369 0.388
21 574.08 16.876 0.404
22 590.63 16.547 0.421
23 607.21 16.577 0.438
24 624.54 17.334 0.454
25 640.57 16.029 0.471
26 659.75 19.180 0.488
27 674.71 14.955 0.504
28 691.24 16.535 0.521
29 707.77 16.535 0.538
30 724.49 16.715 0.554
31 740.62 16.125 0.571
32 757.27 16.652 0.588
33 775.43 18.168 0.604
34 790.55 15.118 0.621
35 809.51 18.961 0.638
36 824.55 15.035 0.654
37 842.87 18.323 0.671
38 857.18 14.312 0.688
39 873.89 16.707 0.704
40 890.50 16.609 0.721
41 907.14 16.638 0.738
42 923.84 16.702 0.754
43 940.48 16.643 0.771
44 957.08 16.598 0.788
45 973.82 16.738 0.804
46 990.47 16.647 0.821
47 1007.17 16.704 0.838
48 1023.84 16.667 0.854
49 1042.58 18.741 0.871
50 1060.21 17.632 0.888
51 1074.39 14.185 0.904
52 1090.50 16.103 0.921
53 1109.44 18.945 0.938
54 1123.84 14.397 0.954
55 1140.42 16.578 0.971
56 1157.14 16.718 0.988
57 1173.87 16.730 1.004
58 1190.48 16.615 1.021
59 1207.11 16.626 1.038
60 1223.76 16.652 1.054
61 1240.44 16.684 1.071
62 1257.10 16.658 1.088
63 1273.77 16.671 1.104
64 1292.91 19.140 1.121
65 1307.09 14.174 1.138
66 1324.35 17.260 1.154
67 1340.96 16.610 1.171
68 1357.09 16.131 1.188
69 1373.80 16.717 1.204
70 1390.47 16.669 1.221
71 1407.10 16.628 1.238
72 1424.24 17.142 1.254
73 1440.38 16.137 1.271
74 1457.05 16.673 1.288
75 1473.77 16.721 1.304
76 1490.38 16.605 1.321
77 1507.03 16.647 1.338
78 1523.78 16.755 1.354
79 1542.91 19.134 1.371
80 1557.63 14.715 1.388
81 1574.51 16.876 1.404
82 1590.40 15.890 1.421
83 1607.19 16.790 1.438
84 1623.84 16.657 1.454
85 1640.40 16.558 1.471
86 1656.96 16.558 1.488
87 1673.70 16.741 1.504
88 1690.31 16.609 1.521
89 1706.95 16.638 1.538
90 1723.68 16.729 1.554
91 1740.31 16.634 1.571
92 1756.94 16.635 1.588
93 1773.64 16.699 1.604
94 1790.26 16.620 1.621
95 1807.10 16.839 1.638
96 1823.64 16.542 1.654
97 1842.56 18.915 1.671
98 1857.59 15.028 1.688
99 1876.06 18.474 1.704
100 1890.36 14.294 1.721
101 1907.02 16.667 1.738
102 1923.70 16.681 1.754
103 1940.24 16.537 1.771
104 1957.21 16.973 1.788
105 1973.71 16.494 1.804
106 1990.26 16.547 1.821
107 2006.91 16.655 1.838
108 2023.61 16.700 1.854
109 2040.30 16.693 1.871
110 2058.25 17.950 1.888
111 2073.61 15.361 1.904
112 2090.23 16.619 1.921
113 2106.89 16.653 1.938
114 2123.67 16.786 1.954
115 2140.32 16.643 1.971
116 2159.15 18.836 1.988
117 2173.63 14.482 2.004
118 2190.32 16.684 2.021
119 2207.51 17.193 2.038
120 2223.65 16.138 2.054
121 2240.21 16.562 2.071
122 2256.90 16.691 2.088
123 2273.60 16.699 2.104
124 2290.23 16.627 2.121
125 2306.88 16.650 2.138
126 2323.54 16.661 2.154
127 2340.24 16.697 2.171
128 2359.16 18.927 2.188
129 2374.30 15.141 2.204
130 2390.15 15.848 2.221
131 2409.48 19.329 2.238
132 2423.91 14.425 2.254
133 2440.25 16.346 2.271
134 2456.87 16.621 2.288
135 2473.50 16.628 2.304
136 2490.19 16.686 2.321
137 2506.86 16.678 2.338
138 2523.59 16.725 2.354
139 2540.14 16.552 2.371
140 2556.82 16.677 2.388
141 2573.56 16.740 2.400
142 2590.14 16.582 2.400
143 2607.49 17.347 2.400
144 2623.48 15.993 2.400
145 2641.52 18.042 2.400
146 2660.09 18.569 2.400
147 2675.66 15.569 2.400
148 2691.38 15.718 2.400
149 2706.87 15.492 2.400
150 2724.78 17.909 2.400
151 2741.16 16.377 2.400
152 2758.10 16.941 2.400
153 2773.51 15.416 2.400
154 2790.19 16.674 2.400
155 2808.06 17.871 2.400
156 2824.10 16.046 2.400
157 2841.37 17.270 2.400
158 2856.83 15.459 2.400
159 2874.09 17.259 2.400
160 2889.77 15.675 2.400
161 2907.37 17.601 2.400
162 2924.09 16.718 2.400
163 2939.78 15.698 2.400
164 2956.71 16.925 2.400
165 2973.43 16.719 2.400
166 2990.09 16.659 2.400
167 3007.37 17.281 2.400
168 3025.76 18.395 2.400
169 3040.97 15.209 2.400
170 3056.70 15.732 2.400
171 3073.53 16.826 2.400
172 3090.05 16.519 2.400
173 3106.64 16.594 2.400
174 3123.42 16.780 2.400
175 3139.98 16.560 2.400
176 3156.65 16.664 2.400
177 3173.33 16.681 2.400
178 3189.93 16.603 2.400
179 3206.57 16.643 2.400
180 3223.29 16.715 2.400
181 3240.01 16.723 2.400
182 3256.65 16.636 2.400
183 3277.84 21.192 2.400
184 3292.71 14.873 2.400
185 3306.72 14.003 2.400
186 3323.37 16.655 2.400
187 3339.97 16.595 2.400
188 3356.78 16.812 2.400
189 3373.38 16.598 2.400
190 3389.99 16.612 2.400
191 3406.49 16.505 2.400
192 3423.21 16.716 2.400
193 3439.83 16.622 2.400
194 3456.57 16.738 2.400
195 3473.29 16.722 2.400
196 3489.92 16.626 2.400
197 3507.18 17.266 2.400
198 3524.71 17.524 2.400
199 3539.96 15.251 2.400
200 3556.59 16.627 2.400
201 3573.27 16.683 2.400
202 3589.84 16.567 2.400
203 3606.63 16.794 2.400
204 3623.22 16.586 2.400
205 3639.90 16.686 2.400
206 3656.52 16.620 2.400
207 3673.16 16.637 2.400
208 3689.81 16.648 2.400
209 3708.62 18.817 2.400
210 3724.18 15.561 2.400
211 3739.82 15.639 2.400
212 3756.98 17.153 2.400
213 3773.13 16.157 2.400
214 3789.85 16.718 2.400
215 3806.37 16.520 2.400
216 3823.06 16.691 2.400
217 3839.76 16.698 2.400
218 3856.43 16.674 2.400
219 3873.08 16.645 2.400
220 3889.85 16.769 2.400
221 3906.38 16.528 2.400
222 3923.04 16.668 2.400
223 3940.37 17.326 2.400
224 3957.95 17.578 2.400
225 3973.09 15.147 2.400
226 3989.82 16.722 2.400
227 4006.47 16.655 2.400

## after, warm launch with a device-side stall burst that lands on the static title after the rite (3.8-5.1 s)
0 193.07 193.074 0.000
1 253.13 60.060 0.000
2 273.53 20.392 0.089
3 290.05 16.520 0.117
4 306.76 16.716 0.133
5 323.42 16.657 0.150
6 340.02 16.605 0.168
7 356.70 16.677 0.184
8 373.39 16.690 0.201
9 390.11 16.723 0.218
10 406.65 16.534 0.235
11 423.40 16.751 0.251
12 440.03 16.630 0.268
13 456.76 16.735 0.284
14 473.48 16.713 0.301
15 489.97 16.493 0.318
16 506.75 16.782 0.334
17 523.39 16.637 0.351
18 539.99 16.596 0.368
19 556.69 16.701 0.384
20 573.31 16.628 0.401
21 590.00 16.681 0.418
22 606.65 16.660 0.434
23 623.74 17.086 0.451
24 640.01 16.268 0.468
25 656.64 16.630 0.484
26 673.32 16.681 0.501
27 689.99 16.668 0.518
28 706.57 16.578 0.534
29 723.29 16.726 0.551
30 739.96 16.670 0.568
31 756.64 16.678 0.584
32 773.28 16.641 0.601
33 789.95 16.667 0.618
34 806.53 16.578 0.634
35 823.22 16.689 0.651
36 840.25 17.032 0.668
37 856.51 16.262 0.684
38 873.19 16.684 0.701
39 889.90 16.706 0.718
40 906.50 16.598 0.734
41 923.17 16.678 0.751
42 939.86 16.687 0.768
43 956.63 16.767 0.784
44 973.23 16.605 0.801
45 989.91 16.677 0.818
46 1006.55 16.641 0.834
47 1023.38 16.826 0.851
48 1040.13 16.755 0.868
49 1056.81 16.672 0.884
50 1073.21 16.401 0.901
51 1090.20 16.995 0.918
52 1106.47 16.274 0.934
53 1123.70 17.222 0.951
54 1140.20 16.500 0.968
55 1156.55 16.354 0.984
56 1173.22 16.671 1.001
57 1189.79 16.566 1.018
58 1206.52 16.729 1.034
59 1223.20 16.679 1.051
60 1239.84 16.645 1.068
61 1256.42 16.583 1.084
62 1273.11 16.686 1.101
63 1289.81 16.703 1.118
64 1306.49 16.682 1.134
65 1323.15 16.657 1.151
66 1339.82 16.671 1.168
67 1356.84 17.020 1.184
68 1373.09 16.250 1.201
69 1390.19 17.100 1.218
70 1406.48 16.285 1.234
71 1423.15 16.668 1.251
72 1439.72 16.577 1.268
73 1456.46 16.734 1.284
74 1473.06 16.598 1.301
75 1489.72 16.663 1.317
76 1506.37 16.648 1.334
77 1523.09 16.719 1.351
78 1539.68 16.596 1.367
79 1556.81 17.128 1.384
80 1573.09 16.277 1.401
81 1590.27 17.179 1.417
82 1606.35 16.084 1.434
83 1623.06 16.711 1.451
84 1639.71 16.653 1.467
85 1656.38 16.670 1.484
86 1673.02 16.640 1.501
87 1689.73 16.708 1.517
88 1706.31 16.578 1.534
89 1722.99 16.677 1.551
90 1739.68 16.696 1.567
91 1756.95 17.266 1.584
92 1773.06 16.111 1.601
93 1789.68 16.619 1.617
94 1806.28 16.601 1.634
95 1822.99 16.708 1.651
96 1839.69 16.708 1.667
97 1856.28 16.581 1.684
98 1872.94 16.666 1.701
99 1889.59 16.647 1.717
100 1906.34 16.751 1.734
101 1922.93 16.590 1.751
102 1939.57 16.639 1.767
103 1956.23 16.662 1.784
104 1972.91 16.680 1.801
105 1989.63 16.720 1.817
106 2006.25 16.616 1.834
107 2023.35 17.098 1.851
108 2039.56 16.217 1.867
109 2056.30 16.740 1.884
110 2073.03 16.731 1.901
111 2089.64 16.602 1.917
112 2106.28 16.643 1.934
113 2122.96 16.685 1.951
114 2139.62 16.662 1.967
115 2156.27 16.644 1.984
116 2172.96 16.691 2.001
117 2189.52 16.556 2.017
118 2206.18 16.666 2.034
119 2222.94 16.754 2.051
120 2239.59 16.650 2.067
121 2256.80 17.218 2.084
122 2272.94 16.136 2.101
123 2289.94 16.998 2.117
124 2306.23 16.291 2.134
125 2322.91 16.678 2.151
126 2339.48 16.574 2.167
127 2356.15 16.669 2.184
128 2372.88 16.732 2.201
129 2389.54 16.658 2.217
130 2406.20 16.656 2.234
131 2422.94 16.742 2.251
132 2439.56 16.624 2.267
133 2456.23 16.672 2.284
134 2472.85 16.617 2.301
135 2489.85 17.002 2.317
136 2506.12 16.272 2.334
137 2522.78 16.653 2.351
138 2539.51 16.736 2.367
139 2556.17 16.653 2.384
140 2572.86 16.691 2.400
141 2589.47 16.616 2.400
142 2606.09 16.617 2.400
143 2622.81 16.720 2.400
144 2639.48 16.668 2.400
145 2656.15 16.673 2.400
146 2672.80 16.651 2.400
147 2689.51 16.710 2.400
148 2706.06 16.549 2.400
149 2722.84 16.782 2.400
150 2739.44 16.598 2.400
151 2756.15 16.711 2.400
152 2772.71 16.561 2.400
153 2789.61 16.892 2.400
154 2806.13 16.521 2.400
155 2822.73 16.600 2.400
156 2839.46 16.729 2.400
157 2856.09 16.632 2.400
158 2872.81 16.722 2.400
159 2889.39 16.584 2.400
160 2906.13 16.736 2.400
161 2922.76 16.630 2.400
162 2939.33 16.569 2.400
163 2956.05 16.725 2.400
164 2972.65 16.598 2.400
165 2989.38 16.732 2.400
166 3006.05 16.670 2.400
167 3022.71 16.656 2.400
168 3039.30 16.592 2.400
169 3056.03 16.730 2.400
170 3072.66 16.627 2.400
171 3089.34 16.677 2.400
172 3106.01 16.675 2.400
173 3122.64 16.624 2.400
174 3139.36 16.720 2.400
175 3156.02 16.662 2.400
176 3172.62 16.602 2.400
177 3189.26 16.638 2.400
178 3205.91 16.653 2.400
179 3222.65 16.737 2.400
180 3239.26 16.614 2.400
181 3255.91 16.644 2.400
182 3272.86 16.959 2.400
183 3289.31 16.447 2.400
184 3306.48 17.166 2.400
185 3322.57 16.096 2.400
186 3339.32 16.748 2.400
187 3355.97 16.651 2.400
188 3372.60 16.631 2.400
189 3389.29 16.686 2.400
190 3405.95 16.659 2.400
191 3422.64 16.693 2.400
192 3439.20 16.559 2.400
193 3455.93 16.730 2.400
194 3472.69 16.759 2.400
195 3489.33 16.644 2.400
196 3505.84 16.505 2.400
197 3522.56 16.725 2.400
198 3539.32 16.754 2.400
199 3555.98 16.659 2.400
200 3572.60 16.623 2.400
201 3589.17 16.567 2.400
202 3605.90 16.734 2.400
203 3622.50 16.600 2.400
204 3639.23 16.729 2.400
205 3655.86 16.626 2.400
206 3672.90 17.043 2.400
207 3689.23 16.331 2.400
208 3705.82 16.586 2.400
209 3724.91 19.093 2.400
210 3742.30 17.394 2.400
211 3789.62 47.319 2.400
212 3806.08 16.462 2.400
213 3826.74 20.659 2.400
214 3845.41 18.664 2.400
215 3858.48 13.077 2.400
216 3874.90 16.414 2.400
217 3891.25 16.357 2.400
218 3907.77 16.512 2.400
219 3924.50 16.738 2.400
220 3941.14 16.633 2.400
221 3957.72 16.579 2.400
222 3974.47 16.753 2.400
223 3991.18 16.711 2.400
224 4009.23 18.047 2.400
225 4024.57 15.348 2.400
226 4072.77 48.195 2.400
227 4090.60 17.833 2.400
228 4113.47 22.868 2.400
229 4127.36 13.887 2.400
230 4140.98 13.617 2.400
231 4157.73 16.754 2.400
232 4174.32 16.596 2.400
233 4190.90 16.576 2.400
234 4207.63 16.726 2.400
235 4224.29 16.663 2.400
236 4240.96 16.668 2.400
237 4260.11 19.156 2.400
238 4274.73 14.619 2.400
239 4322.91 48.176 2.400
240 4339.28 16.367 2.400
241 4358.74 19.465 2.400
242 4380.44 21.700 2.400
243 4395.60 15.161 2.400
244 4407.58 11.979 2.400
245 4456.08 48.503 2.400
246 4472.48 16.396 2.400
247 4489.52 17.036 2.400
248 4508.72 19.200 2.400
249 4524.19 15.473 2.400
250 4543.15 18.960 2.400
251 4557.98 14.826 2.400
252 4606.03 48.051 2.400
253 4622.44 16.416 2.400
254 4641.73 19.285 2.400
255 4661.34 19.612 2.400
256 4674.45 13.109 2.400
257 4690.92 16.474 2.400
258 4708.10 17.173 2.400
259 4724.89 16.794 2.400
260 4772.74 47.854 2.400
261 4788.89 16.144 2.400
262 4807.57 18.680 2.400
263 4828.86 21.296 2.400
264 4844.47 15.604 2.400
265 4857.42 12.957 2.400
266 4874.27 16.844 2.400
267 4890.89 16.617 2.400
268 4907.44 16.559 2.400
269 4927.15 19.704 2.400
270 4941.39 14.245 2.400
271 4989.44 48.051 2.400
272 5008.53 19.090 2.400
273 5031.01 22.479 2.400
274 5073.09 42.073 2.400
275 5089.33 16.248 2.400
276 5112.16 22.830 2.400
277 5130.82 18.660 2.400
278 5141.95 11.128 2.400
279 5157.95 15.996 2.400
280 5177.30 19.347 2.400
281 5191.22 13.929 2.400
282 5239.16 47.936 2.400
283 5255.40 16.235 2.400
284 5274.60 19.201 2.400
285 5292.76 18.161 2.400
286 5338.74 45.985 2.400
287 5356.02 17.274 2.400
288 5377.80 21.781 2.400
289 5397.66 19.868 2.400
290 5439.22 41.557 2.400
291 5455.38 16.155 2.400
292 5480.18 24.801 2.400
293 5495.89 15.716 2.400
294 5510.15 14.258 2.400
295 5523.60 13.448 2.400
296 5542.80 19.201 2.400
297 5557.16 14.361 2.400
298 5576.36 19.199 2.400
299 5590.33 13.970 2.400
300 5609.82 19.485 2.400
301 5624.99 15.170 2.400
302 5642.82 17.839 2.400
303 5658.20 15.374 2.400
304 5673.68 15.481 2.400
305 5692.76 19.081 2.400
306 5707.00 14.237 2.400
307 5728.53 21.533 2.400
308 5742.68 14.148 2.400
309 5759.28 16.600 2.400
310 5773.54 14.259 2.400
311 5792.55 19.009 2.400
312 5809.45 16.904 2.400
313 5823.54 14.089 2.400
314 5842.83 19.286 2.400
315 5856.80 13.975 2.400
316 5875.83 19.025 2.400
317 5891.77 15.941 2.400
318 5909.15 17.383 2.400
319 5927.16 18.014 2.400
320 5940.25 13.082 2.400
321 5959.32 19.079 2.400
322 5973.60 14.270 2.400
323 5992.64 19.045 2.400
324 6009.02 16.382 2.400
325 6023.69 14.666 2.400
326 6040.24 16.552 2.400
327 6058.91 18.670 2.400
328 6073.66 14.750 2.400
329 6090.22 16.562 2.400
330 6109.13 18.912 2.400
331 6124.24 15.105 2.400
332 6142.13 17.893 2.400
333 6158.96 16.832 2.400
334 6173.99 15.025 2.400
335 6192.15 18.160 2.400
336 6206.98 14.835 2.400
337 6225.65 18.664 2.400
338 6240.75 15.106 2.400
339 6257.30 16.548 2.400
340 6273.83 16.531 2.400
341 6290.42 16.590 2.400
342 6307.42 16.995 2.400
343 6324.10 16.682 2.400
344 6340.62 16.517 2.400
345 6357.22 16.602 2.400
346 6373.90 16.683 2.400
347 6390.56 16.655 2.400
348 6407.30 16.742 2.400
349 6423.94 16.638 2.400
350 6441.94 18.001 2.400
351 6458.82 16.882 2.400
352 6473.94 15.123 2.400
353 6490.68 16.736 2.400
354 6507.34 16.664 2.400
355 6523.83 16.487 2.400
356 6540.46 16.633 2.400
357 6557.15 16.691 2.400
358 6573.81 16.653 2.400
359 6590.49 16.679 2.400
360 6607.13 16.646 2.400
361 6625.67 18.537 2.400
362 6642.27 16.597 2.400
363 6657.24 14.976 2.400
364 6673.79 16.548 2.400
365 6690.36 16.566 2.400
366 6707.23 16.879 2.400
367 6723.99 16.756 2.400
368 6740.38 16.392 2.400
369 6758.01 17.629 2.400
370 6773.90 15.893 2.400
371 6792.40 18.497 2.400
372 6807.80 15.402 2.400
373 6824.03 16.226 2.400
374 6841.86 17.827 2.400
375 6857.40 15.546 2.400
376 6874.13 16.723 2.400
377 6890.47 16.345 2.400
378 6907.02 16.547 2.400
379 6923.69 16.667 2.400
380 6940.34 16.650 2.400
381 6957.17 16.836 2.400
382 6973.71 16.541 2.400
383 6990.15 16.441 2.400
384 7008.56 18.403 2.400
385 7024.06 15.500 2.400
386 7043.27 19.214 2.400
387 7057.10 13.831 2.400
388 7073.68 16.578 2.400
389 7090.25 16.570 2.400
390 7106.98 16.730 2.400
391 7123.62 16.640 2.400
392 7140.46 16.843 2.400
393 7157.19 16.733 2.400
394 7173.72 16.524 2.400
395 7190.61 16.890 2.400
396 7208.40 17.793 2.400
397 7224.15 15.743 2.400
398 7240.41 16.269 2.400
399 7257.26 16.845 2.400
400 7273.59 16.326 2.400
401 7290.21 16.621 2.400
402 7306.94 16.733 2.400
403 7323.63 16.692 2.400
404 7340.16 16.527 2.400
405 7357.04 16.878 2.400
406 7373.65 16.618 2.400
407 7390.19 16.541 2.400
408 7408.64 18.441 2.400
409 7424.15 15.519 2.400
410 7440.33 16.177 2.400
411 7456.95 16.619 2.400
412 7473.61 16.664 2.400
413 7490.24 16.625 2.400
414 7507.13 16.894 2.400
415 7523.56 16.422 2.400
416 7540.23 16.671 2.400
417 7556.97 16.746 2.400
418 7573.61 16.636 2.400
419 7591.57 17.961 2.400
420 7608.05 16.482 2.400
421 7626.24 18.185 2.400
422 7641.70 15.460 2.400
423 7657.52 15.828 2.400
424 7673.96 16.437 2.400
425 7690.17 16.210 2.400
426 7706.95 16.779 2.400
427 7723.57 16.618 2.400
428 7740.13 16.557 2.400
429 7757.65 17.520 2.400
430 7774.24 16.598 2.400
431 7790.15 15.908 2.400
432 7807.80 17.651 2.400
433 7823.78 15.978 2.400
434 7840.10 16.323 2.400
435 7856.63 16.528 2.400
436 7878.77 22.138 2.400
437 7893.56 14.789 2.400
438 7906.98 13.419 2.400
439 7923.48 16.499 2.400
440 7941.59 18.112 2.400
441 7958.64 17.047 2.400
442 7973.53 14.898 2.400
443 7990.42 16.887 2.400
444 8008.45 18.034 2.400
445 8023.78 15.324 2.400
446 8041.50 17.722 2.400
447 8057.07 15.566 2.400
448 8073.59 16.527 2.400
449 8090.10 16.505 2.400
450 8109.91 19.807 2.400
451 8126.67 16.764 2.400
452 8140.31 13.645 2.400
453 8157.08 16.768 2.400
454 8173.78 16.699 2.400
455 8190.17 16.391 2.400
456 8206.88 16.702 2.400
457 8225.07 18.194 2.400
458 8240.12 15.056 2.400
459 8256.66 16.530 2.400
460 8273.28 16.629 2.400
461 8289.92 16.640 2.400
462 8306.92 16.993 2.400
463 8323.33 16.416 2.400
464 8339.94 16.607 2.400
465 8358.26 18.320 2.400
466 8373.66 15.396 2.400
467 8390.36 16.704 2.400
468 8406.69 16.334 2.400
469 8423.37 16.674 2.400
470 8440.06 16.695 2.400
471 8456.89 16.828 2.400
472 8473.46 16.569 2.400
473 8490.13 16.672 2.400
474 8507.83 17.696 2.400
475 8523.66 15.828 2.400
476 8540.13 16.470 2.400
477 8557.00 16.876 2.400
478 8573.63 16.631 2.400
479 8590.27 16.640 2.400
480 8608.80 18.531 2.400
481 8623.66 14.857 2.400
482 8640.44 16.784 2.400
483 8657.09 16.642 2.400
484 8673.46 16.374 2.400
485 8690.05 16.588 2.400
486 8706.78 16.728 2.400
487 8723.36 16.580 2.400
488 8740.00 16.641 2.400
489 8756.97 16.968 2.400
490 8773.35 16.383 2.400
491 8791.35 17.998 2.400
492 8807.47 16.123 2.400
493 8825.38 17.910 2.400
494 8842.23 16.850 2.400
495 8856.94 14.715 2.400
496 8873.58 16.631 2.400
497 8890.32 16.742 2.400
498 8906.96 16.645 2.400
499 8923.68 16.717 2.400
500 8940.03 16.346 2.400
501 8957.03 17.007 2.400
502 8973.45 16.421 2.400
503 8989.93 16.480 2.400
504 9006.80 16.867 2.400
505 9023.50 16.699 2.400
506 9040.07 16.570 2.400
507 9057.50 17.433 2.400
508 9078.08 20.581 2.400
509 9092.12 14.034 2.400
510 9106.75 14.629 2.400
511 9123.55 16.801 2.400
512 9140.12 16.575 2.400
513 9156.90 16.780 2.400
514 9173.58 16.680 2.400
515 9190.19 16.606 2.400
516 9206.76 16.576 2.400
517 9223.47 16.703 2.400
518 9240.19 16.719 2.400
519 9256.88 16.697 2.400
520 9275.34 18.453 2.400
521 9291.50 16.158 2.400
522 9306.69 15.192 2.400
523 9323.52 16.829 2.400
524 9341.69 18.179 2.400
525 9356.74 15.046 2.400
526 9373.42 16.679 2.400
527 9390.03 16.614 2.400
528 9406.58 16.549 2.400
529 9423.29 16.705 2.400
530 9439.91 16.624 2.400
531 9456.82 16.904 2.400
532 9473.25 16.431 2.400
533 9490.03 16.779 2.400
534 9506.56 16.534 2.400
535 9527.27 20.709 2.400
536 9541.22 13.955 2.400
537 9556.72 15.498 2.400
538 9573.40 16.676 2.400
539 9590.15 16.747 2.400
540 9606.80 16.652 2.400
541 9623.44 16.642 2.400
542 9639.84 16.399 2.400
543 9658.06 18.220 2.400
544 9673.65 15.592 2.400
545 9689.85 16.204 2.400
546 9706.65 16.793 2.400
547 9723.92 17.271 2.400
548 9739.81 15.894 2.400
549 9756.52 16.704 2.400
550 9773.11 16.590 2.400
551 9789.89 16.784 2.400
552 9806.64 16.750 2.400
553 9823.22 16.580 2.400
554 9840.54 17.317 2.400
555 9856.68 16.139 2.400
556 9873.30 16.626 2.400
557 9889.81 16.506 2.400
558 9906.71 16.899 2.400
559 9923.20 16.489 2.400
560 9941.22 18.022 2.400
561 9956.49 15.270 2.400
562 9973.44 16.949 2.400
563 9989.84 16.408 2.400
564 10006.18 16.334 2.400
565 10023.27 17.090 2.400
566 10039.85 16.585 2.400
567 10056.46 16.604 2.400
568 10073.05 16.588 2.400
569 10089.77 16.722 2.400
570 10106.57 16.800 2.400
571 10123.18 16.610 2.400
572 10139.81 16.636 2.400
573 10157.62 17.807 2.400
574 10173.09 15.468 2.400
575 10190.25 17.162 2.400
576 10206.53 16.276 2.400
577 10223.30 16.770 2.400
578 10239.64 16.344 2.400
579 10256.60 16.959 2.400
580 10273.34 16.742 2.400
581 10289.39 16.046 2.400
582 10306.39 17.006 2.400
583 10323.16 16.765 2.400
584 10339.85 16.690 2.400
585 10356.54 16.695 2.400
586 10373.10 16.555 2.400
587 10389.58 16.476 2.400
588 10407.03 17.456 2.400
589 10423.02 15.992 2.400
590 10440.74 17.720 2.400
591 10456.44 15.698 2.400
592 10474.16 17.715 2.400
593 10489.40 15.241 2.400
594 10507.28 17.883 2.400
595 10523.47 16.185 2.400
596 10539.79 16.323 2.400
597 10556.37 16.583 2.400
598 10573.19 16.821 2.400
599 10590.08 16.892 2.400
600 10606.34 16.259 2.400
601 10623.06 16.720 2.400
602 10639.59 16.530 2.400
603 10656.43 16.838 2.400
604 10673.02 16.586 2.400
605 10692.87 19.850 2.400
606 10707.51 14.648 2.400
607 10722.96 15.446 2.400
608 10739.68 16.722 2.400
609 10756.44 16.762 2.400
610 10773.40 16.957 2.400
611 10789.47 16.068 2.400
612 10806.21 16.736 2.400
613 10823.23 17.020 2.400
614 10839.52 16.295 2.400
615 10856.26 16.744 2.400
616 10873.12 16.860 2.400
617 10889.50 16.379 2.400
618 10907.65 18.148 2.400
619 10926.20 18.546 2.400
620 10939.46 13.259 2.400
621 10956.42 16.967 2.400
622 10973.12 16.700 2.400
623 10989.58 16.459 2.400
624 11006.40 16.819 2.400
625 11022.98 16.581 2.400
626 11039.56 16.579 2.400
627 11056.15 16.591 2.400
628 11073.08 16.923 2.400
629 11089.28 16.209 2.400
630 11106.77 17.488 2.400
631 11123.40 16.624 2.400
632 11139.32 15.922 2.400
633 11159.42 20.096 2.400
634 11173.30 13.889 2.400
635 11189.49 16.185 2.400
636 11206.30 16.807 2.400
637 11222.82 16.523 2.400
638 11239.66 16.845 2.400
639 11256.25 16.583 2.400
640 11273.03 16.787 2.400
641 11289.39 16.359 2.400
642 11307.83 18.436 2.400
643 11322.87 15.042 2.400
644 11341.46 18.588 2.400
645 11357.53 16.072 2.400
646 11372.81 15.281 2.400
647 11389.21 16.400 2.400
648 11405.89 16.678 2.400
649 11422.97 17.082 2.400
650 11439.39 16.417 2.400
651 11456.22 16.835 2.400
652 11472.74 16.520 2.400
653 11489.37 16.628 2.400
654 11506.03 16.656 2.400
655 11522.90 16.871 2.400
656 11539.41 16.513 2.400
657 11557.23 17.816 2.400
658 11572.78 15.548 2.400
659 11591.73 18.958 2.400
660 11606.05 14.316 2.400
661 11622.74 16.692 2.400
662 11639.40 16.655 2.400
663 11656.10 16.700 2.400
664 11672.69 16.589 2.400
665 11689.29 16.605 2.400
666 11706.02 16.734 2.400
667 11722.69 16.669 2.400
668 11740.12 17.426 2.400
669 11755.98 15.856 2.400
670 11772.66 16.685 2.400
671 11790.66 17.998 2.400
672 11806.19 15.535 2.400
673 11822.52 16.329 2.400
674 11839.36 16.836 2.400
675 11855.94 16.582 2.400
676 11872.73 16.784 2.400
677 11889.18 16.458 2.400
678 11906.01 16.831 2.400
679 11922.61 16.594 2.400
680 11939.30 16.691 2.400
681 11957.35 18.050 2.400
682 11972.89 15.544 2.400
683 11990.36 17.465 2.400
684 12006.15 15.796 2.400
